0.000000000000000 0.500000000000000 8.531119504496466 -3.039903801826716 0.000000000000000 0.000000000000000
0.000005961606068 0.499999999849182 8.531119506203154 -3.039903801836870 -0.000025298221279 -0.000014605934859
0.000017884818204 0.499999998944274 8.531119518141143 -3.039903801918102 -0.000075894663816 -0.000043817804461
0.000041731242477 0.499999994721369 8.531119576115550 -3.039903802324262 -0.000177087548728 -0.000102241542489
0.000089424091021 0.499999976623206 8.531119828458088 -3.039903804111367 -0.000379473317249 -0.000219089008206
0.000184809788111 0.499999901817464 8.531120878717905 -3.039903811584710 -0.000784244843872 -0.000452783853172
0.000375581182289 0.499999597768341 8.531125161533307 -3.039903842127901 -0.001593787813770 -0.000920172836317
0.000757123970647 0.499998371919785 8.531142456295507 -3.039903965599742 -0.003212873086746 -0.001854945088159
0.001520209547361 0.499993449225505 8.531211961501537 -3.039904462076232 -0.006451038297588 -0.003724443635900
0.003046380700791 0.499973719913442 8.531490621010729 -3.039906453014952 -0.012927326020044 -0.007463072129296
0.006098723007649 0.499894726639761 8.532606317378795 -3.039914424500463 -0.025879559282642 -0.014937376704290
0.009151065314508 0.499776199767757 8.534391497567579 -3.039927709010407 -0.038831448143075 -0.022405970151414
0.012203407621367 0.499618146699096 8.535963078874561 -3.039935747968639 -0.051781636274491 -0.029868835631445
0.015255749928226 0.499420567340845 8.538862177282258 -3.039956991120873 -0.064731130504062 -0.037318733855142
0.018308092235084 0.499183463852473 8.542428328229638 -3.039983481698598 -0.077679917302103 -0.044755641761054
0.021360434541943 0.498906838437131 8.546659985034497 -3.040015231876124 -0.090627982307239 -0.052177205039241
0.027465119155660 0.498261355112181 8.558956644408537 -3.040117993824852 -0.116526992069321 -0.066965502250278
0.033569803769378 0.497466549131267 8.572293861279519 -3.040223096719009 -0.142426245402163 -0.081675710356633
0.039064019921724 0.496618811151089 8.586535215458117 -3.040334876700551 -0.165735110131650 -0.094827349165909
0.044558236074069 0.495643803784671 8.602761128581868 -3.040461363121571 -0.189042809923582 -0.107882045917508
0.055546668378761 0.493309917426392 8.641847322376270 -3.040765943151265 -0.235652984185446 -0.133643125899966
0.066535100683452 0.490464286854555 8.689047689703621 -3.041129225006007 -0.282251607200910 -0.158853003587670
0.077523532988143 0.487106850875740 8.744262753368826 -3.041549754239187 -0.328831136427140 -0.183405500427075
0.088511965292835 0.483237804744634 8.807309411272733 -3.042023174452368 -0.375381227537801 -0.207196260712370
0.110488829902218 0.473966711404566 8.955600875741277 -3.043110317820773 -0.468334724060650 -0.252088894110384
0.132465694511600 0.462656378576515 9.131856561256011 -3.044358137343963 -0.560960910959788 -0.292744719878856
0.154442559120983 0.449316300054794 9.332886249206886 -3.045720818452173 -0.653040687351025 -0.328434776556325
0.176419423730366 0.433961612278386 9.555112087407176 -3.047166374577821 -0.744280279028104 -0.358492861565848
0.198396288339749 0.416614764771760 9.795068872906977 -3.048645816857426 -0.834306645725484 -0.382328629484854
0.220373152949132 0.397306197270970 10.046207483964396 -3.050118746926650 -0.922664980956102 -0.399461754476935
0.235263811987268 0.383129430127883 10.222604439057392 -3.051111966143963 -0.981314196024634 -0.407028747862426
0.250154471025405 0.368088119410835 10.401673710449289 -3.052085170538501 -1.038762193486143 -0.411228120603929
0.262727318826645 0.354729034803934 10.553786322859272 -3.052885868809891 -1.086185956128256 -0.412100953317977
0.270578493132016 0.346086924450602 10.648793801728242 -3.053374164787324 -1.115238012393752 -0.411392330953935
0.278429667437387 0.337218517218092 10.743509979321365 -3.053852679482941 -1.143819110896809 -0.409715420538080
0.286280841742758 0.328127681848432 10.837710337069087 -3.054320180668493 -1.171896011946078 -0.407069546240375
0.294132016048130 0.318818511548665 10.931191727176870 -3.054776225099926 -1.199435013948425 -0.403456090620874
0.301983190353501 0.309295357557664 11.023739635977954 -3.055219994942548 -1.226401943091592 -0.398879002141788
0.317685538964243 0.289626343525510 11.205098666580703 -3.056068405529861 -1.278480228711334 -0.386862563546288
0.333387887574985 0.269160817206502 11.380081846972750 -3.056861440648284 -1.327851679670895 -0.371100911471452
0.349090236185727 0.247943267673600 11.546975761285202 -3.057595388768445 -1.374235917395213 -0.351714586684493
0.380494933407212 0.203459801707172 11.849910767478413 -3.058874588380621 -1.456951095246220 -0.302763785382522
0.411899630628696 0.156615821049140 12.101421877092237 -3.059887543862617 -1.524536679600502 -0.241761736711039
0.443304327850180 0.107911720742979 12.291144676644326 -3.060621828792886 -1.575158040570979 -0.171017657607796
0.471568555349516 0.062942667349330 12.407302201083501 -3.061067265303758 -1.604982610357577 -0.101218786604590
0.497006360098919 0.021921270853471 12.458581726332456 -3.061259185147723 -1.618428994456933 -0.035484037070241
0.519900384373381 -0.015161459970157 12.462228519269740 -3.061273076299619 -1.619433928590497 0.024555910828473
0.540505006220397 -0.048460374324679 12.431161697922313 -3.061157432968611 -1.611327960406640 0.078177313198492
0.561109628067413 -0.081505801695497 12.366792063198195 -3.060912560312377 -1.594798740533486 0.130405563575917
0.581314649049242 -0.113498549426230 12.276066619478057 -3.060570876690919 -1.570619427051012 0.179423205687445
0.599499167932889 -0.141812627628379 12.168769935058428 -3.060155450665941 -1.542350277851664 0.220955931303056
0.617683686816536 -0.169558982923464 12.039172054892342 -3.059640143081999 -1.508208987449726 0.259473495047146
0.635868205700183 -0.196633675589576 11.891755727657980 -3.059047190266383 -1.468513681852144 0.294501382296646
0.654052724583830 -0.222938887308564 11.726331370760736 -3.058364637170226 -1.423621119976784 0.325571256428977
0.670418791579112 -0.245880009812981 11.564213899708554 -3.057675193437616 -1.379098429476159 0.349833216673506
0.686784858574394 -0.268062670014407 11.390199802107569 -3.056910585174780 -1.330990839750783 0.370337388282173
0.703150925569676 -0.289430887330102 11.208993130857058 -3.056091352205077 -1.279619329715538 0.386924782221494
0.717397645062961 -0.307328910483432 11.043706783528362 -3.055320766893782 -1.232488308339506 0.398039554796371
0.728907088470157 -0.321288079151739 10.909032265745255 -3.054673998499571 -1.192926542215702 0.404734362201405
0.738403884329230 -0.332458459983867 10.795053991195083 -3.054114983472763 -1.159366513638792 0.408688518343526
0.743664566183471 -0.338507770733822 10.731709519744694 -3.053799230738876 -1.140444127020045 0.410270069203763
0.748925248037712 -0.344456739100940 10.668158812387009 -3.053478297719458 -1.121298975863507 0.411416549711345
0.754846117161074 -0.351030927858759 10.596608792398404 -3.053112748661515 -1.099496354002789 0.412187229828279
0.760766986284436 -0.357475230330203 10.524908286243093 -3.052741277768142 -1.077436301215608 0.412407604306607
0.763007769628444 -0.359880062368140 10.497767190362655 -3.052599325097037 -1.069021936717801 0.412347555105185
0.765248552972451 -0.362266016257147 10.470624957879982 -3.052456603704385 -1.060573223598495 0.412209027809523
0.769730119660466 -0.366980851338553 10.416406804128098 -3.052169355693661 -1.043576941774348 0.411697509179426
0.770738472165269 -0.368031198428968 10.404215985245507 -3.052104352019817 -1.039734650790948 0.411539317760983
0.772755177174876 -0.370120248996544 10.379849994294730 -3.051973964882693 -1.032030896371617 0.411175641679014
0.776788587194090 -0.374251563203956 10.331193920808367 -3.051711756405327 -1.016548854486141 0.410259712970945
0.780821997213303 -0.378320217053830 10.282649944704096 -3.051447635157011 -1.000970308466309 0.409093210018623
0.788888817251730 -0.386267631670931 10.186103990219387 -3.050914975847682 -0.969544115246444 0.406015711588708
0.796955637290158 -0.393960036326213 10.090267217917207 -3.050375735436429 -0.937779650247971 0.401953998675114
0.805721827901920 -0.402027209695554 9.987628916188047 -3.049787558226299 -0.902911745716710 0.396443972947338
0.814488018513682 -0.409787300154718 9.886093517954778 -3.049192496199855 -0.867714306083176 0.389808921749431
0.823254209125444 -0.417237605093703 9.786682311239755 -3.048597345633036 -0.832221486120703 0.382078297378556
0.832020399737206 -0.424375682000715 9.689452611522469 -3.048005097672163 -0.796464872825305 0.373277732065861
0.844095784851699 -0.433692560238148 9.559943023698493 -3.047198716277343 -0.746841166273716 0.359464558914307
0.856171169966192 -0.442408000074024 9.435062957488698 -3.046397998666321 -0.696849049096812 0.343761314598592
0.868246555080686 -0.450518065154937 9.316156085990835 -3.045614579569212 -0.646553101927791 0.326267772304965
0.880321940195179 -0.458019457491211 9.203838078354515 -3.044857279689781 -0.596010470498950 0.307085633701623
0.892397325309672 -0.464909500292699 9.098606500372789 -3.044130910168505 -0.545271887516595 0.286323504865646
0.916548095538659 -0.476848671806760 8.911914764232929 -3.042801700933811 -0.443347439949366 0.240515518020616
0.940698865767645 -0.486322626129800 8.759087605535591 -3.041669634612127 -0.341066880834900 0.189828851722350
0.964849635996632 -0.493324154141536 8.644018304323353 -3.040790780813623 -0.238622278398578 0.135338634629513
0.989000406225618 -0.497850285288453 8.568225255538147 -3.040202581821301 -0.136121643300446 0.078146868962791
1.013151176454605 -0.499900371507611 8.533400527306284 -3.039925764641610 -0.033615811284800 0.019407624465108
1.037301946683592 -0.499474631396678 8.540567170653832 -3.039981150008566 0.068883120260942 -0.039711235491380
1.061452716912578 -0.496573458542684 8.589308216761889 -3.040366751965529 0.171371678443669 -0.098039902939466
1.085603487141565 -0.491197465148824 8.678876961338510 -3.041060598104490 0.273829759190145 -0.154417183623020
1.109754257370551 -0.483347996172842 8.807485470520737 -3.042032335170620 0.376202298022582 -0.207711620722800
1.133905027599537 -0.473028430385345 8.972579589248523 -3.043240904307484 0.478368986729054 -0.256831588920695
1.158055797828524 -0.460246039508718 9.170691250408627 -3.044633319580043 0.580122544454138 -0.300742164125310
1.182206568057510 -0.445014285071872 9.397786251318344 -3.046157545953098 0.681154324810082 -0.338483004327465
1.206357338286497 -0.427355411758863 9.649238874734534 -3.047760017638819 0.781044326482981 -0.369190068292501
1.230508108515483 -0.407303226448056 9.919682610147614 -3.049394253966539 0.879254847784624 -0.392117271077781
1.278809648973457 -0.360234988485866 10.494081775356978 -3.052581006368494 1.067907486299361 -0.412384205903316
1.278809648973457 -0.360234325072176 10.494081775356978 -3.052581069415650 1.067909042594656 -0.412384205903316
1.279258081885604 -0.359754068257054 10.499514685003145 -3.052609529976336 1.069596181241780 -0.412403137174850
1.280154947709899 -0.358789307751264 10.510383036067687 -3.052666309286987 1.072964910152595 -0.412428409280088
1.281948679358488 -0.356842863955589 10.532127456972448 -3.052779289979981 1.079679747540640 -0.412428478750043
1.285536142655666 -0.352882834975634 10.575627808453305 -3.053002853827865 1.093015499733133 -0.412225903220402
1.289123605952845 -0.348874660177368 10.619443986571065 -3.053227340722532 1.106254707920393 -0.411819117417570
1.292711069250023 -0.344819539867834 10.662987679605717 -3.053447808500842 1.119393921304154 -0.411208651378132
1.299885995844380 -0.336653826463730 10.748993073541612 -3.053878759522022 1.145429450074880 -0.409517599584814
1.307060922438737 -0.328326802865200 10.835685299644574 -3.054310730585812 1.171060880149309 -0.407059555787759
1.314235849033094 -0.319833060085900 10.920884795457599 -3.054724233443210 1.196248623855720 -0.403809009252265
1.321410775627451 -0.311159646930019 11.005500710101664 -3.055132891641304 1.220963802699385 -0.399759362696146
1.335760628816165 -0.293309618034752 11.171412460822667 -3.055910776385989 1.268829702804463 -0.389281519889062
1.350110482004879 -0.274799554187613 11.333893409676886 -3.056658927029585 1.314473882704305 -0.375664529111492
1.370313496021679 -0.247696728811730 11.547954871426670 -3.057597550089822 1.374496754112603 -0.351409496988905
1.390516510038479 -0.219487219295621 11.752393865579496 -3.058499777697659 1.429139487412348 -0.321424552905228
1.410719524055278 -0.190154994022918 11.936494057325399 -3.059226183086080 1.477796672879625 -0.286120435501057
1.430922538072078 -0.159888551585694 12.085465576139072 -3.059804309047093 1.519937789864754 -0.246198711460725
1.451125552088878 -0.128884709170774 12.219951963157181 -3.060355827211247 1.555218738874031 -0.202115161347668
1.469308264703997 -0.100381240457803 12.312366422959483 -3.060699487535206 1.580693688484279 -0.159478693965159
1.485672706057605 -0.074365331038973 12.383844675745078 -3.060976244249873 1.598316126163412 -0.119190158875844
1.502037147411213 -0.048101866712277 12.426216958232141 -3.061129729515871 1.610718951865604 -0.077586469820532
1.516765144629460 -0.024343877491840 12.455742735255543 -3.061240378758730 1.617335483187660 -0.039373906767593
1.531493141847707 -0.000494980727700 12.463888056901842 -3.061275426126254 1.619612417656253 -0.000798222958520
1.532854540399452 0.001712244443809 12.463287678660928 -3.061270780626767 1.619602380143752 0.002773159242360
1.535577337502942 0.006122084596326 12.462780923866157 -3.061268898129238 1.619470122882163 0.009914718992615
1.538300134606433 0.010531245671917 12.461698796234119 -3.061264858516859 1.619188498639745 0.017053015299732
1.541022931709923 0.014939403003458 12.460052937212261 -3.061258750161717 1.618757806764914 0.024185971475385
1.546468525916904 0.023748785469728 12.455043362908093 -3.061240098790321 1.617449990541488 0.038423309761963
1.551914120123885 0.032548623443117 12.447751876782958 -3.061212902071582 1.615547920806821 0.052611703915710
1.557359714330866 0.041336202975695 12.438194025548176 -3.061177213363242 1.613053372242210 0.066734459161919
1.562805308537847 0.050108473187298 12.426382744879216 -3.061133032701114 1.609968643825805 0.080774413747991
1.573696496951808 0.067598450785485 12.396113386128221 -3.061019578436898 1.602039861230783 0.108543695648869
1.584587685365770 0.084992264659989 12.356929484151712 -3.060871675466707 1.591789757994921 0.135780537322245
1.595478873779731 0.102262454683170 12.309156924193470 -3.060689958536333 1.579255379971934 0.162348870784253
1.617261250607654 0.136338245282355 12.189022369804064 -3.060227807031912 1.547532130085929 0.212976360305310
1.639043627435578 0.169634597625947 12.037085288079661 -3.059628927829225 1.507306225163966 0.259444527848556
1.660826004263501 0.201963410777562 11.856384243182340 -3.058893109283733 1.459127033256760 0.300869185646528
1.682608381091424 0.233147795492253 11.652522436860121 -3.058039778185234 1.403622361857953 0.336507866494891
1.704390757919347 0.263050623626380 11.427886105074473 -3.057070314137956 1.341461469814994 0.365747049744349
1.726173134747270 0.291549292424738 11.185272856144884 -3.055970905433357 1.273393783282822 0.388096474374751
1.747955511575193 0.318480928845284 10.934780178952009 -3.054794576743092 1.200153851504187 0.403230827431047
1.769737888403116 0.343793259475922 10.669900670276043 -3.053480687920731 1.122493965637962 0.410933113366470
1.791520265231039 0.367355702221506 10.413507765444503 -3.052139838701852 1.041143809284172 0.411259537097088
1.810858285610214 0.386804926061381 10.178635007887074 -3.050869053429441 0.966451634340555 0.405397572517797
1.830196305989390 0.404808551407288 9.934573940305272 -3.049450640604404 0.889917068191325 0.393726654455237
1.841381013547348 0.414269427973878 9.826164818646761 -3.048831151517391 0.844853110883445 0.384556852542598
1.848301592588452 0.420001753152569 9.739950339816311 -3.048308696632454 0.816736626673948 0.377990007796243
1.855222171629556 0.425557175009204 9.672572159272429 -3.047895087425079 0.788449699472719 0.370787836686120
1.860809467953888 0.429909397673761 9.604188457925472 -3.047479567586998 0.765512361131938 0.364487104953874
1.865719960222181 0.433600269395430 9.559613111033940 -3.047187398649815 0.745278290827401 0.358623036524901
1.870089520173950 0.436817451804301 9.507080436777857 -3.046864218340988 0.727224246272099 0.353131733966578
1.873948083975038 0.439586162267983 9.474182034041299 -3.046640996935660 0.711241613113158 0.348090925999298
1.877420791396017 0.442035266446030 9.435442891798758 -3.046381404702782 0.696837047678412 0.343395181561821
1.880546228074899 0.444192748830740 9.408736523741885 -3.046201202036034 0.683850146130244 0.339048476174920
1.883671664753780 0.446314561710169 9.373172448459457 -3.045976786616295 0.670846342094575 0.334578827515753
1.886484557764773 0.448183556812715 9.348257191382029 -3.045819241236889 0.659122357447444 0.330456639995560
1.889297450775766 0.450021642179420 9.317192624188548 -3.045619056917512 0.647385465847692 0.326236603458155
1.892110343786760 0.451792701075226 9.295509834165429 -3.045464877007680 0.635627343131078 0.321888024346661
1.894641947496654 0.453340625309000 9.269790823320955 -3.045288796624571 0.625037896695363 0.317898787498576
1.897173551206548 0.454872231231481 9.246483255688883 -3.045129944294512 0.614439573138247 0.313838707950588
1.899705154916441 0.456377183573907 9.223477080416158 -3.044972645376386 0.603832790873351 0.309708768659050
1.904768362336229 0.459229883272196 9.178717593666070 -3.044660821855426 0.582590846493527 0.301178985668193
1.909325249014038 0.461718479004005 9.139502540809975 -3.044385519714880 0.563452128931825 0.293289686149361
1.913882135691847 0.464129375982770 9.101368131478873 -3.044115794729985 0.544294380033371 0.285194056339703
1.918439022369656 0.466447899728413 9.064312662657015 -3.043851150442705 0.525119855544691 0.276898521095475
1.927552795725274 0.470960457055903 8.992929354497319 -3.043340357282832 0.486733352192886 0.259859648195579
1.936666569080891 0.475238289186447 8.925669385463868 -3.042856286905618 0.448290943423890 0.242119835038319
1.945780342436509 0.479180504304843 8.863096713411313 -3.042399832366523 0.409799737872266 0.223696629197156
1.954894115792127 0.482740219078546 8.805782133283065 -3.041974539095026 0.371269773803469 0.204635586031394
1.964007889147744 0.485919848463686 8.753895876245712 -3.041584353448063 0.332708971393225 0.184982137112024
1.982235435858980 0.491280126843308 8.665801342006230 -3.040912342978028 0.255525790124763 0.144150020484100
2.000462982570215 0.495469320867024 8.598722931857720 -3.040400978534620 0.178285210066938 0.101650238253850
2.018690529281451 0.498487943001603 8.553165278012713 -3.040065970609874 0.100994820805767 0.057933626428617
2.036918075992686 0.500119209248376 8.530981170793538 -3.039912569055877 0.023656266274238 0.013476109011996
2.036982157211593 0.494985552612875 8.560177234902618 -3.039912418636899 0.023386145802584 0.013322284271371
2.036990167363956 0.494983605842776 8.560176722015010 -3.039912360268919 0.023352380915040 0.013303056219679
2.036998177516319 0.494984075384203 8.560173367953112 -3.039912343502897 0.023318616003514 0.013283828129979
2.037014197821046 0.494984507253882 8.560166914988466 -3.039912293390777 0.023251086171428 0.013245371828871
2.037046238430499 0.494985243368197 8.560154532242112 -3.039912195043713 0.023116026503145 0.013168458766890
2.037110319649406 0.494986690168895 8.560130054924691 -3.039912000072275 0.022845907154821 0.013014630827850
2.037238482087219 0.494989481715415 8.560082250491975 -3.039911617000730 0.022305668449503 0.012706967881062
2.037494806962846 0.494994663014029 8.559991204401983 -3.039910878337009 0.021225191302161 0.012091615228818
2.038007456714099 0.495003491795262 8.559826956338865 -3.039909510944235 0.019064240225005 0.010860814656906
2.039032756216606 0.495015761143560 8.559565661057771 -3.039907216012550 0.014742363828396 0.008398919168508
2.041083355221621 0.495026198056343 8.559269992695208 -3.039904386182818 0.006098729443804 0.003474496159877
2.045184553231648 0.495060360065107 8.559193388539381 -3.039905768890099 -0.011189577496338 -0.006375298410984
2.049285751241676 0.495189081556319 8.559363445180367 -3.039916521149004 -0.028482737754163 -0.016227039768798
2.050311050744183 0.494985095783846 8.560869099700472 -3.039920703687863 -0.032805010223889 -0.018687617191679
2.052361649749197 0.494833435452681 8.562565840593566 -3.039930777131944 -0.041448629030583 -0.023604239865973
2.054412248754212 0.494779908804735 8.563907438612810 -3.039943186517229 -0.050092676600989 -0.028517932750950
2.058513446764239 0.494331131564918 8.569095691488037 -3.039974978834529 -0.067375616438644 -0.038317895568835
2.062135403744394 0.493942897167323 8.574279853327084 -3.040010757512567 -0.082636274814863 -0.046949540631758
2.065757360724549 0.493544320019472 8.580126431921453 -3.040053708354221 -0.097895080555863 -0.055555754306012
2.069379317704703 0.492988304124676 8.587461055333968 -3.040103831515124 -0.113149822076265 -0.064129089152766
2.073001274684858 0.492807522720185 8.593281922222721 -3.040160967783367 -0.128409319870818 -0.072680855685921
2.076623231665012 0.492008807156026 8.603175310879314 -3.040225096574173 -0.143661772615737 -0.081187410953589
2.079857759181611 0.491433127122167 8.611736713929062 -3.040288256019836 -0.157280415457120 -0.088750896707780
2.083092286698209 0.490835106926259 8.620890878697784 -3.040356913439858 -0.170897041646803 -0.096279206874087
2.086326814214807 0.490177119544875 8.630846228441511 -3.040430950470626 -0.184511227975334 -0.103769137300945
2.092795869248004 0.488854672091844 8.652182296814017 -3.040594996919543 -0.211736481127878 -0.118653897020219
2.099264924281201 0.487323397213202 8.676521942580212 -3.040780033969939 -0.238954315151010 -0.133370567653747
2.105733979314397 0.485774794373857 8.702735176408044 -3.040985237826177 -0.266166903290954 -0.147900114103153
2.112203034347594 0.483689772263711 8.733748003361786 -3.041210345043654 -0.293365046997526 -0.162206911068109
2.118672089380791 0.481867106814922 8.764938514649897 -3.041453834183799 -0.320554714666420 -0.176283727512733
2.124104967930977 0.479893733843477 8.794839202152858 -3.041671786028193 -0.343370241201915 -0.187815231676184
2.128533819589206 0.478198457381954 8.820551131471609 -3.041858590152804 -0.361958176662659 -0.197079640180666
2.132962671247436 0.476401026512280 8.847593536901671 -3.042053637144938 -0.380533488540003 -0.206200662262614
2.137391522905665 0.474561198300162 8.875556285181688 -3.042255726573033 -0.399095888393922 -0.215173752904128
2.146249226222125 0.470774550189074 8.934195966140555 -3.042681247923891 -0.436190717074666 -0.232757341351146
2.155106929538585 0.466627504915281 8.997641958224072 -3.043134880606080 -0.473229033308871 -0.249723355303340
2.163964632855044 0.462472545155023 9.063497104440579 -3.043611693461767 -0.510207506263056 -0.266022985375012
2.172822336171504 0.457633784035739 9.135562279807335 -3.044110929335363 -0.547104274249119 -0.281588008818210
2.181680039487964 0.452671976108163 9.210460728050174 -3.044629906655125 -0.583907242468305 -0.296377102681246
2.190537742804423 0.447198277119042 9.290199868988426 -3.045165385218559 -0.620594873085033 -0.310336409768889
2.199395446120883 0.441683170033940 9.371750277120130 -3.045715172109940 -0.657153976404069 -0.323437206764001
2.208253149437343 0.435430669691547 9.459135745588334 -3.046276982837483 -0.693554251598155 -0.335618361891287
2.216225082422156 0.429958780355704 9.537561494097959 -3.046788661721922 -0.726167560004635 -0.345783685589909
2.223399822108489 0.424564547072254 9.611808770632271 -3.047256015798274 -0.755382454970513 -0.354256458037777
2.230574561794821 0.419106282081780 9.686825589775724 -3.047726172055371 -0.784453530710950 -0.362072881248076
2.237749301481153 0.413309703706740 9.764277338706552 -3.048199273057823 -0.813363462477298 -0.369210301877880
2.244924041167485 0.407431501404046 9.842339008119264 -3.048672998601578 -0.842097669656864 -0.375657081959665
2.252098780853817 0.401276611891896 9.922164651734770 -3.049147133539951 -0.870638323834403 -0.381395968197712
2.259273520540150 0.394939195908464 10.003328373564059 -3.049623742858441 -0.898968314369202 -0.386411900318248
2.266448260226482 0.388332151848689 10.085213351945118 -3.050091475120710 -0.927066450416493 -0.390691398839941
2.273622999912814 0.381597926123429 10.167795019033708 -3.050559505643546 -0.954914356714170 -0.394225040487488
2.280797739599146 0.374643416746684 10.251246605730092 -3.051024168983258 -0.982491809215881 -0.397001977264746
2.287972479285478 0.367501359687812 10.335124905919596 -3.051484144152983 -1.009777770870534 -0.399013837810909
2.302321958658143 0.352627224219547 10.503554011497432 -3.052383879090722 -1.063356590033206 -0.400707967963232
2.316671438030807 0.337005862948475 10.672841525679612 -3.053263776470389 -1.115490054830282 -0.399270078345621
2.345370396776136 0.303649696963279 11.003114682227583 -3.054892483401615 -1.214410866465524 -0.387029234692886
2.371199459646932 0.271346891069347 11.287849499717321 -3.056223077104971 -1.296528288534494 -0.365521590580187
2.397028522517728 0.237063759017763 11.552832148398901 -3.057401051880411 -1.370891891510051 -0.334524554902667
2.422857585388524 0.201015260102226 11.790776073222823 -3.058413061501764 -1.436344767693793 -0.294742681696157
2.445923833928989 0.167487298222300 11.975602414981699 -3.059171232452771 -1.486416410054116 -0.252521013183454
2.466332828665170 0.136914181320180 12.114031105028040 -3.059724102679292 -1.523530331792932 -0.210573460433281
2.484229165800417 0.109514457322362 12.213994619718713 -3.060116469062338 -1.550153814902787 -0.170789209985761
2.500186334822271 0.084705441384480 12.285081853921650 -3.060392073328339 -1.569004038466275 -0.133380632139444
2.514467192258083 0.062264625547022 12.333600241573148 -3.060578733756921 -1.581837301537129 -0.098682594677954
2.527303955656917 0.041949196456678 12.364678351592543 -3.060697730302421 -1.590045592794584 -0.066758987318862
2.538720588152528 0.023800918767926 12.382150368435948 -3.060764582807977 -1.594660978866439 -0.037964663662785
2.548654819833679 0.007970638639008 12.389484252126854 -3.060792813071524 -1.596602898315981 -0.012726165549300
2.553779474077683 -0.000208171735204 12.390359661181176 -3.060796658793407 -1.596847537649394 0.000332471713619
2.554932521282584 -0.002049385631734 12.390239092542608 -3.060796251747536 -1.596818354267856 0.003272503463184
2.556085568487485 -0.003890481478336 12.390120139953900 -3.060795917151313 -1.596762954646811 0.006212320248619
2.558391662897286 -0.007571962554923 12.389249716103347 -3.060791937155938 -1.596547317909328 0.012089343043714
2.560697757307088 -0.011252477450395 12.388565072119453 -3.060790267650379 -1.596226897288682 0.017963801537130
2.565309946126692 -0.018606843111697 12.384169202516572 -3.060770426816833 -1.595167436716763 0.029686167417023
2.568595401092138 -0.023842250862566 12.380564621343947 -3.060755855070595 -1.594200682817462 0.038020142379897
2.571880856057584 -0.029073311149761 12.378010788944401 -3.060750346094662 -1.593022308765402 0.046340123607132
2.575166311023030 -0.034303147255269 12.370942392079789 -3.060717539777615 -1.591632396472612 0.054630142808857
2.578451765988476 -0.039523427138916 12.367454314162364 -3.060710237910353 -1.590032167582350 0.062900909793809
2.581737220953923 -0.044742440132507 12.360986174484616 -3.060685802165888 -1.588220618521827 0.071141516650505
2.585022675919369 -0.049955083146233 12.353699346887581 -3.060658018255752 -1.586199569310297 0.079348193868161
2.591593585850261 -0.060365682450250 12.333406842217487 -3.060571211011358 -1.581671821705870 0.095653056196190
2.598164495781153 -0.070736349902692 12.313369564505471 -3.060494817282418 -1.576358923420342 0.111786113798345
2.604735405712045 -0.081069206730347 12.290616419781983 -3.060408669240769 -1.570236481357859 0.127720215912849
2.611306315642937 -0.091360552108746 12.264023379283399 -3.060305013713092 -1.563303184363731 0.143424127787306
2.617877225573829 -0.101605310084337 12.234838277703258 -3.060191933468055 -1.555563558858415 0.158875813743004
2.624448135504720 -0.111798592063277 12.202574090970112 -3.060066471928435 -1.547024902862800 0.174046014748406
2.631019045435612 -0.121933577429781 12.167482424701831 -3.059928818725526 -1.537698955093203 0.188906115455064
2.644160865297397 -0.142008482846268 12.089085990578370 -3.059619962744809 -1.516732734492987 0.217594034686044
2.657302685159181 -0.161788940901691 11.999571879638019 -3.059261770659326 -1.492768666699447 0.244736336525409
2.683586324882750 -0.200325167063925 11.791650313408816 -3.058409176536547 -1.436344462747498 0.293691495945875
2.709869964606318 -0.237255153839219 11.547810037070013 -3.057372054119435 -1.369451245412065 0.334451287512316
2.736153604329887 -0.272301671119224 11.273897012367783 -3.056140353850801 -1.293301012459698 0.365948748428716
2.762437244053455 -0.305195247468591 10.987018762345684 -3.054805006430056 -1.209118910473200 0.387518763456419
2.788720883777024 -0.335826505635634 10.681782637312454 -3.053327275198863 -1.118053509058506 0.398691207865520
2.815004523500593 -0.363981319650244 10.373258584040171 -3.051681218680574 -1.021808338145793 0.399309082497283
2.838659799251805 -0.387068862512414 10.098890548665866 -3.050160886430136 -0.931471537079167 0.391022309843441
2.862315075003016 -0.408016622209661 9.832897701869337 -3.048609365830383 -0.838362769232714 0.374672147228596
2.885970350754228 -0.426800322192592 9.576481314364919 -3.047018870383581 -0.743160072583237 0.350643335216594
2.909625626505440 -0.443304154878605 9.343506919638237 -3.045486440061603 -0.646432861723216 0.319566411009799
2.933280902256652 -0.457331214207701 9.138802622728365 -3.044129664817256 -0.548518016016057 0.282077092828454
2.956936178007864 -0.468949136007886 8.956642569376081 -3.042874114854809 -0.449840303696896 0.239009031841336
2.980591453759076 -0.478646685805267 8.809404607921282 -3.041740580892553 -0.350723709479701 0.191253828522960
3.001881201935166 -0.485828571946167 8.697473644073762 -3.040952524137924 -0.261298373603745 0.144978685853564
3.021041975293648 -0.489947233807647 8.630032053316587 -3.040408638593338 -0.180725824705649 0.101324923094314
3.038286671316281 -0.490470881821062 8.599897806232788 -3.040085051359111 -0.108263859391809 0.061088226784654
3.055531367338914 -0.486963787191237 8.602319587999107 -3.039898314491966 -0.036117448369083 0.020771738090961
3.055591993223369 -0.498548347676629 8.541034519622423 -3.039923827899492 -0.035860628854806 0.020624153736839
3.055599571458925 -0.498549711715931 8.541059482659184 -3.039924187855172 -0.035828526266863 0.020605705907340
3.055607149694482 -0.498549620308040 8.541048644041664 -3.039924072076804 -0.035796423734005 0.020587257986367
3.055622306165596 -0.498550180581278 8.541039634604621 -3.039923996402472 -0.035732218669325 0.020550361990362
3.055652619107823 -0.498551256070320 8.541021417299291 -3.039923851603826 -0.035603808538728 0.020476569359546
3.055713244992278 -0.498553383556520 8.540985245225118 -3.039923563539032 -0.035346988276810 0.020328981563315
3.055834496761187 -0.498557545819112 8.540913949539178 -3.039922993652306 -0.034833347782287 0.020033795997598
3.056077000299005 -0.498565502783606 8.540775531972567 -3.039921878859933 -0.033806067164021 0.019443386286072
3.056562007374642 -0.498579978769021 8.540515203594227 -3.039919749221814 -0.031751509352819 0.018262422888980
3.057532021525915 -0.498603514486678 8.540058647508046 -3.039915889893368 -0.027642421146958 0.015899999750467
3.059472049828461 -0.498632456045630 8.539381905737553 -3.039909772050149 -0.019424425110318 0.011173737410496
3.063352106433554 -0.498653363093490 8.538774126901538 -3.039903944379394 -0.002988928183577 0.001718762897908
3.067232163038647 -0.498677760827365 8.538869981007888 -3.039906642639949 0.013447537851454 -0.007736321761510
3.071112219643739 -0.498779927571531 8.539253038101132 -3.039917982483087 0.029888164700588 -0.017192006340627
3.074992276248832 -0.499205034169210 8.538559375867710 -3.039937971844676 0.046341623744806 -0.026657940679584
3.075962290400105 -0.498586396671035 8.542513250627506 -3.039944055196167 0.050451763211054 -0.029018209098004
3.076932304551379 -0.498629792261124 8.542835141143451 -3.039950929441148 0.054562411705477 -0.031378412245575
3.077774103608015 -0.498493139254115 8.544144665215143 -3.039957220427902 0.058129297418781 -0.033425127291876
3.078615902664652 -0.498449127017386 8.544959514012135 -3.039963973224558 0.061696210511397 -0.035471065506920
3.080299500777925 -0.498317852613245 8.546934122057383 -3.039978654127013 0.068829817022158 -0.039558975631703
3.083666697004472 -0.497967824444567 8.551779939628169 -3.040012789144104 0.083095143387301 -0.047714874484929
3.087033893231018 -0.497558168148492 8.557495949387459 -3.040053263456080 0.097358325114127 -0.055847326756424
3.090401089457565 -0.497141975204464 8.563777246813800 -3.040100003093206 0.111620103011567 -0.063954564543988
3.097135481910658 -0.496235412831775 8.578344255749005 -3.040212136013849 0.140141948900774 -0.080100732420389
3.103869874363751 -0.495101814380321 8.596292455110355 -3.040348859180936 0.168659304075258 -0.096120822118185
3.110604266816844 -0.494008582246968 8.616065717098305 -3.040509535839763 0.197177015821379 -0.111997667446633
3.117338659269937 -0.492460067834577 8.640467727280113 -3.040693784415952 0.225689354906715 -0.127697482916262
3.124073051723030 -0.490923173548716 8.666788608852908 -3.040900740431552 0.254198566763790 -0.143201667227567
3.130807444176122 -0.488809182792720 8.698371312155146 -3.041129903348833 0.282694730361042 -0.158470788138437
3.137541836629215 -0.486954226410297 8.730330670866291 -3.041379812080577 0.311184197670425 -0.173495727392007
3.142967046111098 -0.485035993833445 8.759771292659483 -3.041595404999863 0.334119654956548 -0.185311285706544
3.147420822934633 -0.483369777035945 8.785342720409531 -3.041781932971904 0.352938778831361 -0.194875526727089
3.151874599758168 -0.481596887298586 8.812305428207392 -3.041977063593895 0.371746905526891 -0.204296371513146
3.156328376581703 -0.479786386729652 8.840197452917517 -3.042179634264586 0.390543974824516 -0.213569313953544
3.165235930228774 -0.476055543422719 8.898819452741105 -3.042607287340571 0.428112808263989 -0.231751843528890
3.174143483875844 -0.471936468575536 8.962548593932382 -3.043064399888255 0.465632278460255 -0.249313188745567
3.183051037522914 -0.467882708486417 9.028382442507246 -3.043545985342974 0.503102025763291 -0.266207168223476
3.189071589010497 -0.464584948052573 9.077515316290379 -3.043885406214195 0.528388201539017 -0.277213399309779
3.195092140498081 -0.461365380937187 9.127240714681902 -3.044234594596169 0.553638256323462 -0.287868280951297
3.201112691985665 -0.457866578467455 9.179573432252788 -3.044592525771004 0.578845599499005 -0.298152989168049
3.207133243473248 -0.454387790297642 9.232649305644582 -3.044958564147501 0.604007432114568 -0.308058918793035
3.213153794960832 -0.450560805594354 9.288658557060783 -3.045332093990503 0.629115239719989 -0.317565957812345
3.219174346448415 -0.446856285769278 9.344620355687395 -3.045711802237410 0.654166696824607 -0.326669867338430
3.225194897935999 -0.442582615790583 9.404759419110984 -3.046097761098917 0.679149085058636 -0.335343312545144
3.230439617040577 -0.438946222493974 9.456621552864393 -3.046434236292694 0.700821194854944 -0.342379261872778
3.234805209686476 -0.435770620681846 9.501058767563258 -3.046717841006290 0.718814376531394 -0.347997587519847
3.239170802332374 -0.432405769821309 9.547414909147902 -3.047009585535987 0.736757270794298 -0.353366285785312
3.243536394978273 -0.429110437734382 9.593094026040310 -3.047296281667801 0.754648094969484 -0.358489400193466
3.247901987624171 -0.425567664948880 9.640440278234783 -3.047585833845361 0.772480519685026 -0.363355319552086
3.252267580270070 -0.422164008578986 9.687059320719397 -3.047875683039073 0.790254843447917 -0.367969958382983
3.256633172915969 -0.418489775971624 9.734517896530082 -3.048157411189814 0.807962209954516 -0.372324423832174
3.260998765561867 -0.414838181784707 9.782756173205629 -3.048446167818304 0.825602009108105 -0.376416236475020
3.265364358207766 -0.411047788574884 9.832934515693484 -3.048750326360096 0.843171862338096 -0.380235095689172
3.269729950853664 -0.407271062227539 9.882135687119847 -3.049038550023201 0.860666585262455 -0.383785226156890
3.274095543499563 -0.403279978505963 9.932490786063275 -3.049331535876049 0.878080090658404 -0.387057642204845
3.278461136145461 -0.399431558653943 9.981990267676611 -3.049621854467334 0.895411827313014 -0.390059413796323
3.282826728791360 -0.395152847364338 10.034024996172663 -3.049911409062300 0.912651275632392 -0.392771368361201
3.286755762172668 -0.391610469204562 10.076759315421794 -3.050153072563184 0.928091113742447 -0.394998326464610
3.290684795553977 -0.387846772015868 10.122832740679735 -3.050412520636189 0.943453013884610 -0.396995463076059
3.294613828935286 -0.384031466361546 10.169002405213604 -3.050669831320644 0.958733393643827 -0.398761708350384
3.298542862316594 -0.380152171778828 10.215382099315574 -3.050926088849744 0.973928787791858 -0.400295410643980
3.306400929079212 -0.372327668231216 10.307763772512748 -3.051431566180963 1.004111233643503 -0.402821418299926
3.314258995841829 -0.364293180313637 10.401517748855005 -3.051939417242342 1.033943397660047 -0.404460374980180
3.322117062604447 -0.356055043931516 10.494760460280045 -3.052432279316322 1.063384850703045 -0.405174024476223
3.337833196129681 -0.338889870754405 10.681134151609681 -3.053394308580969 1.120919971130721 -0.403757591431357
3.353549329654916 -0.320854860208120 10.867593263157358 -3.054331415857832 1.176493033301182 -0.398530613085219
3.375523277407529 -0.294225662009504 11.118733544754484 -3.055529836264264 1.250321707708086 -0.384914818557459
3.397497225160143 -0.266112005128210 11.365810664999534 -3.056699571026466 1.319089970942720 -0.364024095233413
3.419471172912756 -0.236404803378163 11.596669671905639 -3.057671460481977 1.382006629818938 -0.336132123093591
3.441445120665369 -0.205448620578766 11.790947030656373 -3.058501042628548 1.438338295770243 -0.301931442778303
3.458041117286174 -0.181324866776904 11.932755750838689 -3.059091502608125 1.476209837025139 -0.272149674074819
3.474637113906979 -0.156552082305006 12.054069880185105 -3.059566774266929 1.509703006223359 -0.239292730137881
3.489573510865704 -0.133793711830555 12.156305337809092 -3.059972368414956 1.535878895769070 -0.207369410329002
3.504509907824429 -0.110689570923250 12.235227727607944 -3.060282013875963 1.558082238006040 -0.173546021815461
3.519446304783153 -0.087298278654404 12.309752490294048 -3.060579364458206 1.576194063301031 -0.138100671696472
3.532889062046005 -0.066008364647445 12.349931335705573 -3.060715601838909 1.588856182114415 -0.105118099172090
3.544987543582572 -0.046751373123242 12.388135744423890 -3.060862521729872 1.597255252970926 -0.074735051940673
3.555876176965482 -0.029308731840227 12.404770270258949 -3.060933967430297 1.602377489056033 -0.047002931297781
3.565675947010102 -0.013603741253022 12.415229181846600 -3.060964841510763 1.604982671597778 -0.021841729665326
3.574495740050259 0.000549164189416 12.418941538114378 -3.060983740580271 1.605697287524841 0.000885529521687
3.575313528270747 0.001864585257885 12.418522868030101 -3.060980640321550 1.605678412662156 0.002993929500654
3.576131316491235 0.003177644651628 12.418446996794017 -3.060980414350650 1.605646247124126 0.005102233870286
3.576857960894455 0.004344351536619 12.418258582580981 -3.060979542938128 1.605607172337482 0.006975387810490
3.578311249700894 0.006677461526564 12.417813564137241 -3.060977686663191 1.605487056178581 0.010720817069309
3.581217827313773 0.011341882180334 12.416309746426693 -3.060971298601625 1.605079049324559 0.018205788478300
3.584124404926652 0.016004294772936 12.415056104099509 -3.060968291647812 1.604503416544995 0.025684825144854
3.587030982539531 0.020665825226275 12.412542596291384 -3.060958844726971 1.603760183236299 0.033153478868883
3.592844137765289 0.029982987885450 12.404273420170364 -3.060924046969445 1.601884004714087 0.048050870918746
3.598657292991047 0.039284401986126 12.395843841504236 -3.060895105334835 1.599378185500679 0.062883399347794
3.604470448216805 0.048572446729330 12.383011965520220 -3.060844563118634 1.596218743934026 0.077625034377253
3.610283603442563 0.057837814827788 12.368258574169058 -3.060787907419505 1.592402891366782 0.092255651039794
3.616096758668321 0.067078037778031 12.351215521629825 -3.060723227647484 1.587930558177935 0.106755695818583
3.621909913894079 0.076290149602949 12.331679448708758 -3.060648705000211 1.582805703487568 0.121105098944376
3.633536224345594 0.094619839673758 12.285570093668539 -3.060472586213033 1.570618315115158 0.149281474251219
3.645162534797110 0.112796712464290 12.229744828047957 -3.060257251631003 1.555887704157514 0.176625225215433
3.656788845248626 0.130788118455724 12.164767470356990 -3.060003508025471 1.538674360536670 0.202982286812821
3.680041466151657 0.166109211869495 12.009264663590882 -3.059387640983245 1.497090335855556 0.252183674024989
3.703294087054689 0.200365679123428 11.821018967841690 -3.058619502327951 1.446493815283090 0.295816920020369
3.726546707957720 0.233343185798904 11.604537072354550 -3.057698704688039 1.387641923824893 0.332960747415751
3.749799328860752 0.264844810335422 11.367608984849140 -3.056657468321565 1.321353727621392 0.362898239535553
3.773051949763783 0.294735096025496 11.112156449855274 -3.055496792225966 1.248462149714778 0.385077331947497
3.796304570666815 0.322893733517057 10.841454324353951 -3.054188909804109 1.169904125737977 0.399102238921239
3.819557191569846 0.349143857951404 10.571236380119439 -3.052806052084692 1.086594304354905 0.404847811316740
3.842809812472878 0.373417769983976 10.291658642818229 -3.051332445596102 0.999347497527067 0.402254748741906
3.863737171285606 0.393482972513671 10.053074352852825 -3.049997357244359 0.918074614657237 0.392985585340839
3.882571794217062 0.410140924055181 9.832926550997088 -3.048707409451159 0.843165774758545 0.379159262414901
3.899522954855372 0.423866205295033 9.656933095906464 -3.047622566945011 0.774606252449521 0.362534920768530
3.914778999429851 0.435272691993220 9.491434592407371 -3.046596222994431 0.712160631224568 0.344313090197143
3.928229473285191 0.444494359051131 9.359007972884013 -3.045732012278078 0.656644164102525 0.325830518937546
3.940334899754998 0.452138407066681 9.246373856485267 -3.044978335695804 0.606387391222139 0.307386644565495
3.952440326224804 0.459176648906213 9.140627201096127 -3.044250994091453 0.555912063093838 0.287346724179058
3.964545752694610 0.465609584721935 9.042385946718989 -3.043563536163800 0.505262586575590 0.265824156678014
3.988756605634222 0.476638961285093 8.869573329416648 -3.042316330197246 0.403583620886851 0.218816272915528
4.012967458573835 0.485202686170086 8.732260318117074 -3.041284457041592 0.301595453997313 0.167368044375100
4.037178311513447 0.491313247128666 8.632721754718302 -3.040527265679890 0.199452984993404 0.112541779631827
4.061389164453059 0.495018371353794 8.571895947021183 -3.040061809496561 0.097247370268384 0.055441614070959
4.085600017392672 0.496400651795189 8.551805329620422 -3.039906495133421 -0.004991839788008 -0.002811467401172
4.085605337160163 0.490732884011323 8.583213797573263 -3.039904230426691 -0.005014131239204 -0.002824022008173
4.085606002131099 0.490732810433660 8.583210686313068 -3.039904184184108 -0.005016917669716 -0.002825591336459
4.085606667102035 0.490732835600357 8.583211430090598 -3.039904194573819 -0.005019704100721 -0.002827160664227
4.085607997043908 0.490732829458734 8.583211547156580 -3.039904195240675 -0.005025276962717 -0.002830299319565
4.085610656927654 0.490732816031639 8.583211768622276 -3.039904196987276 -0.005036422686692 -0.002836576629555
4.085615976695146 0.490732789001342 8.583212213476273 -3.039904200493007 -0.005058714134574 -0.002849131246776
4.085626616230129 0.490732734226206 8.583213111055326 -3.039904207550872 -0.005103297030056 -0.002874240470081
4.085647895300095 0.490732621807344 8.583214937751595 -3.039904221852392 -0.005192462819703 -0.002924458871264
4.085690453440028 0.490732385436038 8.583218717597473 -3.039904251198606 -0.005370794392165 -0.003024895484866
4.085775569719894 0.490731866526850 8.583226783003427 -3.039904312863741 -0.005727457497298 -0.003225767900634
4.085945802279626 0.490730653395694 8.583244881379921 -3.039904448084993 -0.006440783457256 -0.003627509051424
4.086286267399089 0.490727905478378 8.583286779655772 -3.039904766093773 -0.007867434373992 -0.004430974421036
4.086967197638016 0.490719103242430 8.583405214622728 -3.039905592259442 -0.010720724690790 -0.006037805972338
4.088329058115869 0.490706758300820 8.583676668605742 -3.039908005205304 -0.016427343605396 -0.009251065286719
4.089009988354796 0.490677352790912 8.583973316243599 -3.039909592089284 -0.019280581158760 -0.010857422732365
4.090371848832650 0.490623549293763 8.584602731275728 -3.039913525535844 -0.024986851248945 -0.014069038151210
4.093095569788356 0.490507123410902 8.586165763326820 -3.039924427137905 -0.036398772957857 -0.020487031110377
4.095819290744062 0.490205429212171 8.589097077781801 -3.039939373368521 -0.047807590047070 -0.026894120452184
4.098543011699769 0.490075394920874 8.591414248220168 -3.039958334560132 -0.059216477327849 -0.033293996129758
4.101266732655475 0.489808322243359 8.594830863384580 -3.039981321247372 -0.070623710880750 -0.039682258620158
4.103990453611181 0.489641706451457 8.598027516851769 -3.040008302470753 -0.082031330937713 -0.046060733681207
4.109437895522594 0.488934975923469 8.607493929333675 -3.040074116695338 -0.104838863732069 -0.058754185899523
4.113455886628092 0.488352827863932 8.615673228469186 -3.040132777798889 -0.121657565518278 -0.068076848418342
4.117473877733590 0.487620324112589 8.625410656124044 -3.040199983425268 -0.138470172742516 -0.077351218398600
4.121491868839088 0.487086864776172 8.634749116160542 -3.040275464334690 -0.155282636600002 -0.086582497618413
4.125509859944587 0.486232468228307 8.646580210912994 -3.040359130353567 -0.172088779005565 -0.095755756719440
4.129527851050085 0.485400111876264 8.658993892748835 -3.040451091374605 -0.188890400384078 -0.104869360670595
4.133545842155583 0.484471713221636 8.672633814891524 -3.040551031533567 -0.205686497429610 -0.113917138766664
4.137563833261082 0.483567090414588 8.686836902850882 -3.040658838664618 -0.222480113534341 -0.122919996164054
4.141581824366580 0.482637111823393 8.701868187556778 -3.040774525573651 -0.239270830611095 -0.131860678967171
4.149617806577576 0.480562404366271 8.735140551036844 -3.041028688351932 -0.272840839750269 -0.149511867780331
4.157653788788573 0.478202241841581 8.772632385380623 -3.041312199925255 -0.306392391209059 -0.166828896068326
4.165689770999569 0.475589363735556 8.814071623178437 -3.041623600401206 -0.339921330300926 -0.183772644708950
4.173725753210566 0.472671816261522 8.859661710084721 -3.041961431603684 -0.373421362780263 -0.200302577400255
4.181761735421563 0.469543378075667 8.908754421772571 -3.042323873806251 -0.406888525385016 -0.216389560835804
4.189797717632559 0.466110518904904 8.961817495941267 -3.042709718023645 -0.440315323507338 -0.231993202902580
4.197833699843556 0.462447346255781 9.018261184921235 -3.043116719264812 -0.473691926448661 -0.247066497407446
4.205869682054552 0.458479661187987 9.078438221513400 -3.043543661153350 -0.507009142928534 -0.261577119126702
4.221941646476545 0.449708431650750 9.208734103008156 -3.044447429662691 -0.573403607802853 -0.288729269617862
4.238013610898538 0.439983650860141 9.350887218045706 -3.045409985300689 -0.639412595099809 -0.313226952286561
4.254085575320532 0.429054994746590 9.504153755407897 -3.046408606776192 -0.704909955630504 -0.334828611637747
4.270157539742525 0.417192850578649 9.666944798123371 -3.047441131624825 -0.769761661091991 -0.353316386141289
4.286229504164518 0.404181723283746 9.838270192110766 -3.048484131394101 -0.833801325825546 -0.368479925620576
4.302301468586511 0.390362302464244 10.014700819142657 -3.049532473675593 -0.896853671226790 -0.380165536922056
4.318373433008504 0.375184174920438 10.198106568729235 -3.050567176442631 -0.958703694415982 -0.388195002240274
4.334445397430497 0.359759630672955 10.379932901698920 -3.051589212162132 -1.019150225452775 -0.392525960103967
4.347252224315683 0.346063793107803 10.527677079539410 -3.052355782907648 -1.066149569757111 -0.393253110107498
4.357929139245568 0.334476153989364 10.650804724199045 -3.052994453213849 -1.104444443754812 -0.391990001061585
4.367538362682466 0.323708520400851 10.761024741699435 -3.053554455705932 -1.138149613683742 -0.389393448242688
4.377147586119364 0.312616974504124 10.870883090078067 -3.054102942134873 -1.171072273633465 -0.385411133755895
4.396366032993158 0.289536411900162 11.084428085564237 -3.055130869553861 -1.234245349695498 -0.373351695047760
4.415584479866952 0.265303155579435 11.289953974250709 -3.056088477137392 -1.293538769849750 -0.355934844044555
4.434802926740747 0.239997558278393 11.489100466550084 -3.057001099903279 -1.348506382440372 -0.333302439894956
4.454021373614541 0.213616379703025 11.664278871241967 -3.057742569545097 -1.398640771734044 -0.305834218624630
4.471317975800956 0.189135213478878 11.813552556208913 -3.058361093207899 -1.439276784422906 -0.277225501829198
4.488614577987372 0.164007136843297 11.944537254569132 -3.058913410151041 -1.475333002166522 -0.245287907156402
4.505911180173787 0.138319759710066 12.066785866818437 -3.059435175433811 -1.506555709673659 -0.210320593492801
4.523207782360203 0.112054674850947 12.156994877066511 -3.059764822418221 -1.532619389969730 -0.172833664218867
4.537944442991232 0.089389292274239 12.227637024539318 -3.060030729949881 -1.550614615213322 -0.139167929408706
4.552681103622261 0.066491931337904 12.276948572202263 -3.060221663756005 -1.564592976076343 -0.104271986657585
4.565217168778354 0.046867702747070 12.311828513448067 -3.060364297291144 -1.573277619220509 -0.073812163191991
4.576499627418837 0.029111837668673 12.329759967129096 -3.060429334078251 -1.578522951835252 -0.045977587222252
4.586550862324369 0.013254332231840 12.341022744441350 -3.060477251547747 -1.581135227134683 -0.020958993797990
4.592435865579462 0.003952705262376 12.342182093832305 -3.060480408226683 -1.581755851526465 -0.006252975322335
4.596294373488210 -0.002149276866891 12.339568895626391 -3.060471808599897 -1.581658266702294 0.003388756642086
4.598039854058838 -0.004902994723960 12.341058630877164 -3.060476381558791 -1.581553411778697 0.007753023851869
4.599297362132020 -0.006890665354801 12.340937408730142 -3.060476082932521 -1.581447107366299 0.010896844923416
4.600554870205203 -0.008878647481540 12.340404519607405 -3.060473831166512 -1.581310043848281 0.014039760884916
4.603069886351568 -0.012853515375562 12.338373401361192 -3.060465580546543 -1.580913580424326 0.020319097953143
4.605584902497933 -0.016825486345628 12.336381051563420 -3.060457273225469 -1.580394317000562 0.026591625117482
4.608099918644298 -0.020795519120926 12.333956724917948 -3.060447449795201 -1.579752444931839 0.032855742520710
4.613129950937027 -0.028731961581626 12.329856354620990 -3.060431335023040 -1.578180474468270 0.045365093349648
4.618159983229756 -0.036664377247105 12.330952581015481 -3.060474026874629 -1.576151027823976 0.057858114916325
4.623190015522485 -0.044609964212760 12.310315372264016 -3.060356319741785 -1.573641518700021 0.070263172349484
4.627628020447554 -0.051585746352584 12.307441991407254 -3.060357310297345 -1.571031615093938 0.081156423964784
4.631457610405030 -0.057602186406982 12.291058492358815 -3.060283935678169 -1.568474523555466 0.090492747981571
4.634904241366758 -0.063000437807163 12.286325618172043 -3.060274780319344 -1.565934751328663 0.098854996328111
4.638350872328487 -0.068394814035771 12.269378494184826 -3.060187225028196 -1.563161082320720 0.107159046558319
4.641452840194042 -0.073235367886548 12.264044980226549 -3.060178211091118 -1.560472918466080 0.114593131398143
4.644554808059598 -0.078072821443280 12.248453541593696 -3.060108298021890 -1.557601991126641 0.121974848166351
4.647346579138598 -0.082414368248225 12.244191023827740 -3.060112940743502 -1.554870436098006 0.128583525628740
4.650138350217598 -0.086752912183989 12.229028319144856 -3.060042309380153 -1.551993239340842 0.135146064477893
4.652650944188698 -0.090646613289331 12.223361917718044 -3.060029953116874 -1.549281225733571 0.141020305848036
4.655163538159798 -0.094528634723396 12.209655383810702 -3.059966397186733 -1.546390937966068 0.146835732973639
4.657676132130899 -0.098401214104675 12.198786133741017 -3.059924302679900 -1.543384990747889 0.152612494525710
4.660188726101999 -0.102266312185819 12.187308591318589 -3.059879397676734 -1.540263848395407 0.158348639280186
4.662701320073099 -0.106123364042373 12.175408166428699 -3.059832652682107 -1.537028167033345 0.164042701455201
4.667726508015299 -0.113824420622998 12.149529659413558 -3.059728424275245 -1.530291851829232 0.175324036960858
4.672751695957500 -0.121492711382617 12.123470392003721 -3.059627100741603 -1.523128809442452 0.186432198125789
4.677776883899700 -0.129126683222541 12.094586545597251 -3.059511395686113 -1.515526398397483 0.197347539212449
4.682802071841900 -0.136720448181017 12.064505386556920 -3.059390501522520 -1.507485262538273 0.208057656842810
4.692852447726301 -0.151770665764799 12.000026258747630 -3.059131400981282 -1.490109447311021 0.228805423794404
4.702902823610701 -0.166634831190289 11.929171352025500 -3.058842429273966 -1.471043910241367 0.248600120984298
4.712953199495102 -0.181296471574630 11.852738402334994 -3.058526553711863 -1.450341002669184 0.267366866555816
4.723003575379503 -0.195739872547299 11.771075926397025 -3.058185379514722 -1.428056155417027 0.285034539540118
4.743104327148304 -0.223940010538381 11.594078924624412 -3.057432887259225 -1.378959420008476 0.316851502313486
4.763205078917105 -0.251126197096287 11.397870736736998 -3.056569921976330 -1.324255676772447 0.343549310387523
4.783305830685906 -0.277154965707047 11.188580812863178 -3.055606661101198 -1.264512540955485 0.364741079808083
4.803406582454707 -0.301930443211222 10.970286845310174 -3.054577252887125 -1.200256569176398 0.380152898800613
4.823507334223509 -0.325405209875769 10.740623839665828 -3.053453843308954 -1.132040148274268 0.389579073145368
4.843608085992310 -0.347460199926219 10.511830468317950 -3.052262286861639 -1.060431432387351 0.392948327423059
4.863708837761111 -0.368054298109826 10.277238403844777 -3.051006025085319 -0.985948679452949 0.390268916170466
4.883809589529912 -0.387099591999480 10.050725715470998 -3.049724662809554 -0.909204825343382 0.381711727861260
4.903910341298714 -0.404604166578068 9.828541094774264 -3.048414001406131 -0.830563481237010 0.367455400226840
4.924011093067515 -0.420526528932109 9.616646166211678 -3.047103736039371 -0.750403626576988 0.347778984609897
4.944111844836316 -0.434832625098795 9.418443702287911 -3.045829788096594 -0.669057530446638 0.323030342891068
4.964212596605117 -0.447447423307195 9.238082156845943 -3.044635020266571 -0.586758161102866 0.293566947853378
4.984313348373918 -0.458412861181255 9.074534344014422 -3.043498411109636 -0.503785951392161 0.259869606651843
5.000000000000000 -0.465844746649905 8.961396834149980 -3.042688441579333 -0.438718723842770 0.230965926898010
