0.000000000000000 0.000000000000000 0.953750351180719 1.000000000000000 -4.278125486452569 -0.743752689211397
0.000025298221281 -0.000025298541284 0.953686297820044 1.000000000320003 -4.277852753429469 -0.743348185715596
0.000050596442563 -0.000050597722605 0.953622243724957 1.000000001280081 -4.277579984443325 -0.742943642085127
0.000101192885125 -0.000101198005298 0.953494133333310 1.000000005120173 -4.277034338633436 -0.742134434475383
0.000202385770251 -0.000202406251633 0.953237903748251 1.000000020481382 -4.275942615722093 -0.740515537923891
0.000404771540502 -0.000404853471561 0.952725409421646 1.000000081931059 -4.273757445895622 -0.737275820736833
0.000809543081003 -0.000809870849525 0.951700280538569 1.000000327768522 -4.269380219152281 -0.730788699579137
0.001619086162006 -0.001620397590974 0.949649465036221 1.000001311428969 -4.260598288920068 -0.717783786791570
0.002428629243009 -0.002431581774688 0.947597904733018 1.000002954428262 -4.251779559906674 -0.704737807147040
0.003238172324012 -0.003243422242625 0.945545619038820 1.000005252450585 -4.242924696491354 -0.691651469036414
0.004857258486019 -0.004869074088800 0.941438899417259 1.000011815602782 -4.225107259921059 -0.665358455845915
0.008095430810031 -0.008128287414678 0.933217000288665 1.000032856605987 -4.189043066884500 -0.612292726980331
0.014571775458056 -0.014678461372595 0.916741106813430 1.000106685910509 -4.115240083517037 -0.504288015846488
0.027524464754106 -0.027906763034976 0.883674638178236 1.000382298297612 -3.961269207555873 -0.281141101473448
0.039181885120550 -0.039959622046841 0.853806177811186 1.000777737003049 -3.815998424138079 -0.072767006196183
0.044884542552919 -0.045907096251023 0.839165042845708 1.001022553737132 -3.742822802748998 0.031556988257602
0.050587199985288 -0.051888592395874 0.824508214581272 1.001301408559609 -3.668360748994568 0.137344334022547
0.055388499394698 -0.056951160206818 0.812158206637383 1.001562660699953 -3.604746887989137 0.227465382269176
0.060189798804107 -0.062038103331941 0.799800877244800 1.001848313406538 -3.540322906552822 0.318515652786038
0.069792397622927 -0.072285551399701 0.775072332892871 1.002493153403948 -3.409293293289285 0.503141414230710
0.075415306722372 -0.078331898241763 0.760588161495592 1.002916591763262 -3.331340345038446 0.612683248912009
0.079287607763818 -0.082515618041072 0.750613681391527 1.003228010311214 -3.277188208837987 0.688674188178148
0.083159908805264 -0.086715573755369 0.740640551193562 1.003555672414745 -3.222684220419306 0.765084116419077
0.087032209846711 -0.090931823071872 0.730669872044472 1.003899620235272 -3.167862067687099 0.841877438896446
0.090904510888157 -0.095164427119828 0.720702487479588 1.004259922697787 -3.112746474017284 0.919027943295729
0.098649112971049 -0.103678965228851 0.700782029220862 1.005029851921840 -3.001755941981482 1.074272064992014
0.106393715053942 -0.112259699641389 0.680887240965368 1.005865980694965 -2.889946318193633 1.230568817836621
0.121882919219727 -0.129621837934320 0.641208145681549 1.007738918039821 -2.664794820948712 1.545337203416158
0.152861327551297 -0.165163391381110 0.562524315208625 1.012302063494291 -2.214879592819673 2.176645236506685
0.183839735882867 -0.201823257758906 0.485184445760919 1.017983685806817 -1.777533991881211 2.797461039915191
0.214818144214438 -0.239636485488112 0.409720654025968 1.024818316036334 -1.364271683261238 3.395281965239742
0.245796552546008 -0.278639275148270 0.336623097356650 1.032842941485889 -0.987092081489954 3.957153767816732
0.264851398291819 -0.303237270318225 0.293071475023919 1.038385830856371 -0.773553460539548 4.283898920359803
0.283906244037630 -0.328308394018436 0.250698685565584 1.044402144976960 -0.577613130138822 4.592506969450118
0.301055605208860 -0.351284469395140 0.213661649899075 1.050228866841993 -0.415730660667366 4.855130390440802
0.315817217137030 -0.371379568077724 0.182671230618387 1.055562350997629 -0.287122478688302 5.069821678697256
0.330578829065199 -0.391773494223256 0.152547486885088 1.061194665134501 -0.168273269877273 5.274060939369521
0.344458968863286 -0.411226195989730 0.125049697492623 1.066767227051665 -0.064976217511762 5.456922482428426
0.358339108661373 -0.430950787803667 0.098385513501730 1.072611683243259 0.030654598940331 5.631325300864316
0.372219248459461 -0.450951069056476 0.072586279818603 1.078731826791827 0.119248948260097 5.797809290161476
0.384206377131031 -0.468448464907483 0.051023698588588 1.084242087719605 0.190652363629577 5.935701370936775
0.396193505802601 -0.486156870789682 0.030145920413928 1.089963371154639 0.257950309040548 6.068704904889880
0.408180634474171 -0.504078831774950 0.009971003393452 1.095898203146695 0.321632379986265 6.197248836274421
0.420167763145741 -0.522216904441623 -0.009484501021584 1.102049142368719 0.382528955339816 6.322102809138604
0.432154891817312 -0.540573724655009 -0.028202415457148 1.108418848289891 0.440947951941029 6.443509604688512
0.444142020488882 -0.559151900557737 -0.046167584554803 1.115009877875375 0.498057692984464 6.562574724871198
0.456129149160452 -0.577954126041859 -0.063362907154370 1.121824980533710 0.554467924023588 6.679839353631919
0.468116277832022 -0.596983101560739 -0.079771887975051 1.128866830769449 0.610738074850067 6.795793167355300
0.483320702593432 -0.621449825336952 -0.099428657482924 1.138129124391740 0.683356683294567 6.942314595667552
0.498525127354842 -0.646291425850750 -0.117760595031960 1.147766354551188 0.759085105313792 7.089789979880613
0.519758160086551 -0.681620917565021 -0.141079460520343 1.161862759445391 0.872848786848329 7.299824808734900
0.540991192818259 -0.717708599466571 -0.161650404772230 1.176717406964624 1.000265217185811 7.518502078043937
0.562224225549968 -0.754570743936856 -0.179370434559116 1.192346542085700 1.146086068868665 7.750049854726289
0.604690291013385 -0.830685161176858 -0.205812071198779 1.225994866276976 1.511185391812228 8.267667648032825
0.642909749930461 -0.902007282237266 -0.218654460190387 1.259097534270896 1.947681902322364 8.816230602580839
0.670430585824182 -0.955078971020665 -0.220967113933744 1.284648384438127 2.340010744010348 9.271897308418810
0.697951421717902 -1.009631650506664 -0.217059730488350 1.311680431970154 2.806064444309900 9.784686083336553
0.725472257611623 -1.065706515913709 -0.206512815145709 1.340234418869461 3.354503570131824 10.361214468907251
0.752993093505344 -1.123345872759317 -0.188859967049967 1.370353014688895 3.987942014331705 11.001888841894100
0.780513929399065 -1.182593873162779 -0.163552076819983 1.402080466234332 4.720657030409052 11.718596732026825
0.805282681703414 -1.237328861159122 -0.133803832546709 1.432046178043600 5.452753074403450 12.414421561809682
0.825926844331559 -1.283996701169886 -0.103573412115525 1.458069863957677 6.124589047934729 13.038725141121800
0.846571006959704 -1.331637957630593 -0.068111181854931 1.485066938262644 6.851134633010108 13.700841293051354
0.867215169587849 -1.380272926325325 -0.027117734434406 1.513057871475668 7.627244517029492 14.394509238608601
0.887859332215993 -1.429922437908517 0.019711571109347 1.542063092458647 8.453905682887568 15.119647443573493
0.908503494844138 -1.480607516411554 0.072722781158330 1.572104021072863 9.327087393266567 15.871136806333583
0.929147657472283 -1.532349818715177 0.132233887503433 1.603202148128843 10.241363110324150 16.642594079623400
0.949791820100428 -1.585171422293751 0.198623120103950 1.635379603013472 11.189384779401321 17.425743830741990
0.970435982728573 -1.639094810102088 0.272220097345459 1.668658827335817 12.165003669746621 18.213708926280717
0.991080145356718 -1.694142954571458 0.353388532098351 1.703062890158962 13.158072452842115 18.995738306364899
1.011724307984862 -1.750339372531974 0.442458574655209 1.738615180051266 14.160921678179260 19.763825100401093
1.032368470613007 -1.807707920310635 0.539834039174842 1.775339547230214 15.154252131262130 20.498528380206260
1.053012633241152 -1.866273110319141 0.645671997027429 1.813260706561344 16.146372458208496 21.208496109057357
1.067395970393368 -1.907797648244665 0.724815836657897 1.840401681960281 16.801828874809953 21.653655107132781
1.081779307545583 -1.949923456845423 0.808287790504469 1.868144988188926 17.447014459138778 22.077697960111045
1.096162644697799 -1.992659810416197 0.896339932342015 1.896498375959334 18.059683275929888 22.458825837016398
1.110545981850014 -2.036015121114816 0.988886383927386 1.925470663921900 18.649786781484408 22.807606996377427
1.124929319002230 -2.079998542062367 1.086263172510834 1.955071327325219 19.191672422407777 23.099012275044000
1.139312656154445 -2.124619249725910 1.188104617220690 1.985309138007331 19.706257828045089 23.354950137140786
1.153695993306661 -2.169886274182177 1.295326084948145 2.016193280609962 20.153420382106241 23.536163657921676
1.166640996743654 -2.211188113935909 1.395318930186320 2.044547120972912 20.528048679972713 23.666534151046612
1.179586000180648 -2.253026766568130 1.499643572640085 2.073441324603610 20.848819260349782 23.738996413317331
1.192531003617642 -2.295410942516565 1.607631430115747 2.102881122145060 21.121375428619380 23.760417149002983
1.205476007054636 -2.338347212666000 1.720043059427210 2.132872487343757 21.349939822566888 23.736575091442617
1.218421010491630 -2.381842693443284 1.835735401354809 2.163423533295304 21.502541409269291 23.636388840036428
1.230071513584924 -2.421474209570221 1.943916349702614 2.191402701310751 21.626105874592067 23.534075236137888
1.240477873519156 -2.457265200661998 2.043005822312705 2.216787344550171 21.690260638594722 23.398292360414420
1.250884233453387 -2.493430271030301 2.144636496800536 2.242546651257662 21.722773784692929 23.233710990854600
1.261290593387618 -2.529973863531149 2.248719438216257 2.268684090025038 21.720330592841311 23.037995203049334
1.275438329100741 -2.580270355799171 2.394299778276228 2.304832222612690 21.675067406048051 22.738171602330851
1.289586064813864 -2.631283000132445 2.544479130253130 2.341697339928816 21.589267906612449 22.409734214825487
1.303733800526987 -2.683022715231002 2.699079030788463 2.379288957503559 21.475177450891191 22.067915349056257
1.317881536240110 -2.735499451983163 2.858203655529766 2.417617948421270 21.340704277323599 21.723940483892424
1.332029271953232 -2.788723942172710 3.021702786387673 2.456694673587467 21.211589556610331 21.406879866085866
1.346177007666355 -2.842706775191925 3.189555713619735 2.496529752862275 21.112214417235240 21.144687047616582
1.360324743379478 -2.897458714503614 3.361647469575479 2.537134041414567 21.077184475693787 20.975460948229504
1.374472479092601 -2.952990808461078 3.538187610761160 2.578518444875324 21.125175165405025 20.922049701496743
1.388620214805723 -3.009314241542236 3.718821362252451 2.620694027774811 21.331038200124901 21.062428618848067
1.400000000000000 -3.055199966603171 3.867330035592789 2.655199966823687 21.631968388978287 21.339681266019646
