0.000000000000000 -0.000000000000000 0.953750351180719 1.000000000000000 -4.278125486452512 -0.743752689211339
0.000025298221281 -0.000025298541284 0.953686297820050 1.000000000320003 -4.277852753430410 -0.743348185716543
0.000050596442563 -0.000050597722605 0.953622243724913 1.000000001280080 -4.277579984443024 -0.742943642084777
0.000101192885125 -0.000101198005298 0.953494133333311 1.000000005120173 -4.277034338633451 -0.742134434475399
0.000202385770251 -0.000202406251633 0.953237903748251 1.000000020481382 -4.275942615722148 -0.740515537923945
0.000404771540502 -0.000404853471561 0.952725409421611 1.000000081931059 -4.273757445896242 -0.737275820737411
0.000809543081003 -0.000809870849525 0.951700280538008 1.000000327768522 -4.269380219162277 -0.730788699588501
0.001619086162006 -0.001620397590974 0.949649465027238 1.000001311428969 -4.260598289080455 -0.717783786941838
0.002428629243009 -0.002431581774688 0.947597902650532 1.000002954428262 -4.251779544375520 -0.704737789269086
0.003238172324012 -0.003243422242625 0.945545616196634 1.000005252450585 -4.242924677048836 -0.691651446391028
0.004857258486019 -0.004869074088800 0.941438899416912 1.000011815602782 -4.225107259921746 -0.665358455846210
0.008095430810031 -0.008128287414678 0.933217000272744 1.000032856605987 -4.189043067335812 -0.612292727413632
0.014571775458056 -0.014678461372595 0.916741106660178 1.000106685910509 -4.115240082183335 -0.504288014341204
0.027524464754106 -0.027906763034976 0.883674632752727 1.000382298297612 -3.961269209297152 -0.281141097135109
0.039181885120550 -0.039959622046841 0.853806159978101 1.000777737003049 -3.815998423808031 -0.072766985925505
0.044884507413409 -0.045907059498349 0.839165125076438 1.001022552123968 -3.742823257276864 0.031556350227061
0.050587129706269 -0.051888518470040 0.824508377341192 1.001301404912525 -3.668362496683454 0.137342219488125
0.055376653131149 -0.056938639356937 0.812188685022911 1.001561986113822 -3.604904815442596 0.227241908503129
0.060166176556030 -0.062013015873535 0.799861697763280 1.001846848134696 -3.540642131465731 0.318065132339974
0.069745223405791 -0.072234968341005 0.775193828898155 1.002489744563633 -3.409943437760969 0.502226895495105
0.075370780651646 -0.078283885421342 0.760702842546758 1.002913105012508 -3.331960931077537 0.611811961356343
0.079201468661921 -0.082422375116663 0.750835544746371 1.003220906487902 -3.278396706998972 0.686979159410545
0.083032156672196 -0.086576752286132 0.740969536674685 1.003544602868662 -3.224487937122954 0.762556652714705
0.086862844682471 -0.090747072701883 0.731105882608779 1.003884234789853 -3.170266500691393 0.838510716900808
0.090693532692746 -0.094933395559180 0.721245442972295 1.004239869106835 -3.115756485393646 0.914815774990784
0.098354908713297 -0.103354305928543 0.701538356129992 1.004999396886499 -3.005988503263880 1.068354026279689
0.106016284733847 -0.111839978434769 0.681856139638817 1.005823689915302 -2.895409135752117 1.222932674595183
0.121339036774947 -0.129007623461272 0.642598377335556 1.007668586045312 -2.672718880828878 1.534252817267814
0.151984540857148 -0.164142239680708 0.564735342454009 1.012157698764648 -2.227507314968016 2.158850392892811
0.182630044939349 -0.200370245956758 0.488173842031431 1.017740201324332 -1.793916344292905 2.773884993131095
0.213275549021550 -0.237725667063245 0.413425061395367 1.024450117901601 -1.384119043381622 3.366235137945286
0.216770750421541 -0.242059328214560 0.405037041975260 1.025288577795471 -1.339378257848923 3.431824664374319
0.223761153221522 -0.250772241289384 0.388354329744399 1.027011088064277 -1.251221334462012 3.561678885099239
0.230751556021503 -0.259546271460143 0.371800201624927 1.028794710491896 -1.164965698055646 3.689622997116345
0.237741958821484 -0.268381856322107 0.355380237586720 1.030639902749639 -1.080644891879692 3.815612192703863
0.244732361621465 -0.277279424601126 0.339100093248224 1.032547064679220 -0.998428834260260 3.939465059884170
0.251722764421446 -0.286239388953097 0.322964760300763 1.034516618929985 -0.918236726004970 4.061251627434415
0.258713167221427 -0.295262239093245 0.306980108683567 1.036549072732348 -0.840276489075817 4.180752227646181
0.265703570021408 -0.304348392877874 0.291150926116558 1.038644903053732 -0.764495149281264 4.298009212961494
0.279684375621371 -0.322712319751168 0.259980026379084 1.043027933932606 -0.619632640778518 4.525582615986462
0.293665181221333 -0.341334966811051 0.229490227839814 1.047670476346134 -0.483949500967477 4.743586892696926
0.307645986821295 -0.360220204515968 0.199727251341782 1.052575332987149 -0.357259125057394 4.952106926328430
0.321626792421257 -0.379370418242066 0.170715108249601 1.057744353480412 -0.239455286652617 5.151178261889990
0.335607598021220 -0.398790022190361 0.142490762809126 1.063182419348790 -0.129924777229862 5.341321521474312
0.348190323061186 -0.416501816797038 0.117798407376330 1.068311491415603 -0.038533841221660 5.504622445712428
0.349829992190619 -0.418826312530490 0.114631201360220 1.068996314044974 -0.027097022573781 5.525381890760821
0.353109330449486 -0.423486765859225 0.108332334562022 1.070377435204056 -0.004518266950079 5.566571064805610
0.355344242901905 -0.426671691433097 0.104066781604939 1.071327448640879 0.010633865250534 5.594379461422177
0.357579155354324 -0.429863743533854 0.099823504253573 1.072284588053963 0.025600315562114 5.621979781699530
0.359814067806744 -0.433062937084958 0.095602589884624 1.073248868194779 0.040381819885651 5.649372434617931
0.362048980259163 -0.436269288550080 0.091404132188068 1.074220308504690 0.054985379540479 5.676564121513139
0.364283892711582 -0.439482816818241 0.087228434182517 1.075198925488790 0.069405297434361 5.703548516736633
0.368753717616420 -0.445931456550960 0.078945149778582 1.077177739375823 0.097731604935754 5.756932119994684
0.373223542521258 -0.452408992873603 0.070753742624263 1.079185488831021 0.125382025591630 5.809541794199903
0.382163192330935 -0.465451263307906 0.054651778546315 1.083288060327999 0.178774677334792 5.912543476305048
0.390208877159643 -0.477289394452217 0.040483140603354 1.087080546246203 0.224822915024395 6.002874374432097
0.398254561988352 -0.489223245575737 0.026626917197373 1.090969021420335 0.269099520573100 6.091068721342482
0.406300246817061 -0.501253602632997 0.013092255160562 1.094953733659768 0.311891255238247 6.177386408994550
0.414345931645770 -0.513380629337748 -0.000127627254382 1.099034774200041 0.353070704082473 6.261701694020134
0.417364296695092 -0.517955438975013 -0.004999597558615 1.100591164684606 0.368369361896510 6.293069484520004
0.420080825239482 -0.522084573494563 -0.009345970607742 1.102003748424230 0.382016534154306 6.321129697040031
0.422797353783872 -0.526224996670829 -0.013654338803908 1.103427684031297 0.395504945829729 6.348981259921676
0.428230410872652 -0.534539609576112 -0.022155436929905 1.106309161157095 0.422060614892618 6.404109572064312
0.433663467961432 -0.542899476554849 -0.030506113128628 1.109236071697328 0.448331896008939 6.458749277433806
0.439096525050212 -0.551305218905248 -0.038701535142352 1.112208983417514 0.474273465689159 6.512847574665651
0.449962639227772 -0.568253509827837 -0.054609536829196 1.118290698747001 0.525407298816738 6.619606228880582
0.460828753405332 -0.585387408000767 -0.069886506580416 1.124558511368878 0.576442828342664 6.725353766410271
0.470608256165136 -0.600967656405401 -0.083083933217476 1.130359386766787 0.622510564832106 6.819820624755112
0.480387758924940 -0.616701563589970 -0.095732507731234 1.136313886680118 0.669205552723516 6.914063089416207
0.490167261684744 -0.632589352587242 -0.107843464039040 1.142422211432955 0.717206358588663 7.008743433361890
0.499946764444548 -0.648633996979181 -0.119411549191189 1.148688719349134 0.766505880744400 7.103800769123437
0.509726267204353 -0.664835412382738 -0.130398474883152 1.155109144468914 0.817643945401565 7.199728919219512
0.518527819688176 -0.679553225208457 -0.139802269172179 1.161025407441466 0.865889336504573 7.287418767543928
0.527329372172000 -0.694401198940206 -0.148734857212524 1.167071880804063 0.916429063501832 7.376547404740791
0.536130924655823 -0.709380361385073 -0.157189109941801 1.173249505663871 0.969655143757817 7.467470720164554
0.544932477139647 -0.724491976231462 -0.165158170275902 1.179559601705729 1.025818121464137 7.560402097335412
0.553734029623471 -0.739737133467663 -0.172634206251686 1.186003102933427 1.085280075300519 7.655664721118362
0.571337134591118 -0.770633050170135 -0.186075362375336 1.199295926037105 1.215453114904649 7.854372393812404
0.588940239558765 -0.802077740895278 -0.197446963090533 1.213137489242027 1.362762304236354 8.065841424219911
0.606543344526413 -0.834080582186201 -0.206680525681943 1.227537187489923 1.529848407216875 8.292350539945279
0.624146449494060 -0.866652060684060 -0.213699022536157 1.242505853540433 1.719063327289905 8.535854210648015
0.641749554461707 -0.899801896949890 -0.218421056365923 1.258052190993707 1.932907694978132 8.798441358332381
0.659352659429354 -0.933539918243451 -0.220757244702838 1.274187211295686 2.173827800862151 9.082100968018979
0.676955764397002 -0.967877891203627 -0.220618759499264 1.290922077687733 2.443605615529312 9.388149160458426
0.692788829061927 -0.999283445339880 -0.218289749826364 1.306494670157047 2.712902687303874 9.684116158226237
0.707038587260359 -1.027976759823348 -0.214339204180876 1.320938149847070 2.977891712036778 9.967957967193216
0.721288345458792 -1.057081709763323 -0.208573519818067 1.335793404793988 3.265440469700216 10.269176573634009
0.735538103657224 -1.086604565460915 -0.200918118212065 1.351066417080237 3.575874674890192 10.587783190764091
0.748362886035813 -1.113537100131951 -0.192359473022676 1.365174256140884 3.876246122033529 10.890541842783925
0.748434189487787 -1.113687789569011 -0.192306363526518 1.365253600081221 3.878005395889137 10.892300815777375
0.748494441650819 -1.113815147667062 -0.192262286658250 1.365320706016243 3.879462624484673 10.893757647939049
0.748547893833765 -1.113928138720829 -0.192223153979287 1.365380244887064 3.880755759608712 10.895050339838074
0.748654798199655 -1.114154138948030 -0.192144803230786 1.365499340748374 3.883343066334911 10.897636501866447
0.748868606931436 -1.114606211890152 -0.191987760059749 1.365737604958706 3.888521826559290 10.902811939208297
0.749082415663217 -1.115058381530236 -0.191830260268804 1.365975966017237 3.893706125251689 10.907991534178233
0.749296224394998 -1.115510647837259 -0.191672305036086 1.366214423637116 3.898895950934479 10.913175277419572
0.749723841858560 -1.116415470539952 -0.191355027036653 1.366691628681393 3.909292192326660 10.923555212827678
0.750579076785684 -1.118226277192850 -0.190714985187856 1.367647200407179 3.930151167774796 10.944364960639314
0.752289546639932 -1.121852539806909 -0.189412909279087 1.369562993166893 3.972135420096833 10.986184060019703
0.755710486348428 -1.129123699428092 -0.186720325638942 1.373413213078736 4.057172345067123 11.070621842932695
0.762552365765420 -1.143740854547809 -0.180977684758600 1.381188488756797 4.231544165115509 11.242703566718342
0.769394245182412 -1.158458365907388 -0.174750963966104 1.389064146885781 4.411695941029364 11.419077435883477
0.783078004016396 -1.188197197166023 -0.160810693294919 1.405119191708093 4.789465028772931 11.784675819907006
0.796761762850380 -1.218345824526534 -0.144821193649136 1.421584556948904 5.190910645388978 12.167526034044476
0.810445521684364 -1.248909901268781 -0.126711948978550 1.438465153960580 5.615904919321666 12.567194895306098
0.824129280518348 -1.279894927068448 -0.106399889212080 1.455766562820859 6.064582618109921 12.983493066032420
0.851496798186315 -1.343151493016470 -0.058845800205443 1.491654670590609 7.031562722369293 13.863278149688760
0.878864315854283 -1.408162721415645 -0.001413764140989 1.529298378402014 8.089426336001035 14.801797209520313
0.879017805459978 -1.408532896413544 -0.001082599491903 1.529515090953549 8.094977670507438 14.806610559187034
0.879036991660690 -1.408579107452104 -0.001038681517243 1.529542115791414 8.095749435269225 14.807286681959722
0.879056177861402 -1.408625319377625 -0.000994758330214 1.529569141516634 8.096521241307409 14.807962828966479
0.879094550262825 -1.408717745888545 -0.000906896336140 1.529623195625720 8.098064976410260 14.809315194939295
0.879171295065673 -1.408902609550643 -0.000731109823907 1.529731314484970 8.101152939340405 14.812020215211476
0.879324784671367 -1.409272379439550 -0.000379286663669 1.529947594768181 8.107330835137153 14.817431407969092
0.879478274277062 -1.409642206092032 -0.000027129364105 1.530163931899016 8.113511364100461 14.822844141748391
0.879631763882757 -1.410012089510979 0.000325361314705 1.530380325733290 8.119694511011422 14.828258403497394
0.879938743094146 -1.410752026684119 0.001031343607986 1.530813283589973 8.132068656425291 14.839091506193739
0.880552701516925 -1.412232582649531 0.002447320600922 1.531679881132611 8.156848385655740 14.860776034158183
0.881780618362483 -1.415196422975536 0.005295349524939 1.533415804613034 8.206533174542963 14.904217875424624
0.884236452053599 -1.421135032857199 0.011055951047566 1.536898580803556 8.306401267377566 14.991389121786058
0.889148119435830 -1.433056095037359 0.022837287443757 1.543907975600767 8.508108251769986 15.166852480715175
0.894059786818062 -1.445035853680865 0.034969328446764 1.550976075707007 8.712398952680690 15.343754494593957
0.898971454200293 -1.457074598051707 0.047456450683966 1.558103157995973 8.919210176896794 15.522018663906856
0.908794788964756 -1.481330206551391 0.073514051498665 1.572535417668687 9.340133363506576 15.882319599691279
0.918618123729219 -1.505825252574984 0.101050105953130 1.587207318815351 9.770392059796809 16.247158017371756
0.928441458493682 -1.530562139710049 0.130097468492709 1.602120974011733 10.209239991614950 16.615698110456258
0.938264793258145 -1.555543180462894 0.160695942977581 1.617278727297711 10.656083132203817 16.987249670261715
0.957911462787071 -1.606247549593493 0.226689450470063 1.648336082673395 11.570354317794273 17.735662014140715
0.977558132315997 -1.657957794515982 0.299355331827826 1.680399629007072 12.506525092584136 18.485083895488280
0.997204801844923 -1.710694426018348 0.378964685639528 1.713489936852333 13.454829530142929 19.225355984512895
1.016851471373849 -1.764477208178454 0.465889608352802 1.747625424294271 14.411047451835184 19.951912075994134
1.036498140902774 -1.819326249552861 0.560245936415436 1.782828413928644 15.347190416604157 20.637064333532024
1.056144810431700 -1.875264907698660 0.662599432359022 1.819120094079707 16.283331873944842 21.300584603070508
1.073826813007734 -1.926557539841311 0.761589655772248 1.852730769206598 17.092550540761348 21.846830910237433
1.088763727388544 -1.970599410756314 0.850460393989319 1.881835746496201 17.748519185829569 22.268081940775300
1.103700641769355 -2.015303336254534 0.944298492806224 1.911604750958087 18.373924787002661 22.647782581181055
1.118637556150166 -2.060680891918676 1.043076848176422 1.942046192971535 18.960077919797826 22.978112436346020
1.133574470530976 -2.106740902390342 1.147012306866301 1.973169162703384 19.507772445529447 23.260600604241148
1.148511384911787 -2.153495088264074 1.255962505017518 2.004983672994849 19.999578938599200 23.479120502931647
1.159323941839870 -2.187777422389756 1.338161417799128 2.028453523065508 20.328017044808227 23.605191951721839
1.170136498767953 -2.222432459594583 1.423075057311393 2.052295962361930 20.620770882870886 23.692532908358057
1.180949055696036 -2.257464251006871 1.510748356246668 2.076515195922643 20.880574648890001 23.744426174697004
1.191761612624118 -2.292876878170782 1.601190687711704 2.101115265527561 21.107636899424552 23.761755585484575
1.202574169552201 -2.328674471461702 1.694405783150034 2.126100308977694 21.299766146738978 23.743065758275549
1.213386726480284 -2.364861241793155 1.790388226697211 2.151474515904198 21.456272009950027 23.688476165168073
1.223118027715559 -2.397765561097354 1.879136235309301 2.174647533754682 21.565981916890628 23.608687290792226
1.232849328950833 -2.430991640443162 1.970118321742647 2.198142323140009 21.646609833773820 23.500986601137786
1.242580630186108 -2.464542637705562 2.063324158428423 2.221962018830711 21.698132657977297 23.366075668474547
1.252311931421383 -2.498421721216665 2.158746394380493 2.246109795480002 21.722645681626030 23.206830750241362
1.262043232656657 -2.532632097749732 2.256362497186604 2.270588881696543 21.719122267903241 23.023050242464468
1.271774533891932 -2.567177021121359 2.356180305526824 2.295402503774591 21.696127578477739 22.824150644939898
1.281505835127207 -2.602059694238575 2.458136967461815 2.320554149142831 21.647057338148613 22.604446141195130
1.288576041577011 -2.627617300107340 2.533582572315495 2.339041258403923 21.598710278529239 22.436037448058734
1.295646248026815 -2.653356185047771 2.610147929175923 2.357709937869870 21.544038323266442 22.264949727871901
1.301724220917930 -2.675628802907178 2.676863202341522 2.373904582469532 21.491906410555583 22.115979958167895
1.307802193809044 -2.698037165496610 2.744402029598807 2.390235026502698 21.436423954183400 21.966930248157617
1.313880166700159 -2.720582157956564 2.812758468084766 2.406702078373701 21.378979635087166 21.819445139977280
1.319958139591273 -2.743264598140416 2.881928735672860 2.423306570543188 21.321174245816138 21.675398920210675
1.332114085373502 -2.789045290377459 3.022690550424626 2.456931207442687 21.211522942261489 21.405749036532235
1.344270031155731 -2.835385806624793 3.166657668261753 2.491115774944614 21.123724499554992 21.176503730342692
1.355210382359737 -2.877576644541360 3.298947491014414 2.522366262199245 21.079067809081167 21.022311357315811
1.366150733563744 -2.920231596551499 3.433802880115439 2.554080865395799 21.084027752263008 20.936355158141428
1.377091084767750 -2.963355765237005 3.571220890086955 2.586264694322105 21.157189125798794 20.938959505442018
1.388031435971756 -3.006954320545112 3.711213517424908 2.618922906070206 21.320177644515383 21.053506219806891
1.400000000000000 -3.055199966473380 3.867337572740193 2.655199966945017 21.629995469322584 21.337726959229208
